39,35
35,5
35,7
35,6
10,94
10,163
10,14
10,161
10,155
37,9
37,8
37,7
37,6
37,3
37,2
37,0
36,5
36,4
36,3
36,2
36,1
35,69
35,68
35,67
35,66
35,65
35,64
35,1
35,4
35,3
33,5
33,4
33,3
33,1
32,4
32,3
32,1
31,3
31,1
30,5
30,4
30,3
30,1
29,3
29,1
27,5
27,4
27,3
27,1
10,10
26,4
26,3
26,1
11,25
10,65
11,24
11,20
11,10
11,9
11,8
10,304
11,17
11,4
11,11
11,18
11,15
11,1
11,23
11,2
11,3
8,12
8,17
8,7
8,13
12,2
12,1
12,3
20,2
20,1
20,3
19,2
19,1
19,3
10,269
10,249
10,213
18,1
18,3
10,199
10,156
10,35
10,16
10,3
10,2
10,1
9,7
9,5
9,3
9,2
9,1
8,18
8,16
8,15
8,14
8,8
8,6
8,5
8,3
8,2
8,1
3,3
3,2
